-0.877509856479841 0.999892556145381 1.08472118381778 1.68159923513445 -1.19488231510492 -0.600783694257299 1.29831505976863 0.590354484901601 -1.04215602777326 1.84986608628493
-0.177566716793425 0.758255862311318 -1.39630021902424 1.35776432263667 0.0264818620377338 -1.26100083754404 0.331542310463273 -0.740230017133045 0.772657149393583 0.586029141971567
-0.098071134450479 1.03674428446038 -1.64892988318875 0.111585983818171 -0.960071710918126 0.114226303277067 -2.01600456535743 0.910492521769803 0.850939768340543 0.151477514452908
-0.305325015693551 -2.58394688130951 -1.37572639223935 -1.34541456052332 0.80561374986518 -0.593493712325846 1.89451276372583 2.02076273934177 -0.460880314880241 0.999525513230297
0.60965129000556 -1.27645234703349 -0.064172392208437 -0.211124778040722 -0.491747345221492 -0.654194504518991 0.0143726268108583 0.755334240479916 1.6745173573415 1.43805881409631
-0.0989432512632605 -1.39150760731564 -0.346775055130908 -0.422868765120721 1.59604143934301 0.595757910616506 1.17859609489456 0.410441275777248 -0.680457461052199 -1.03651548780242
-0.144259922272493 -1.68999049696993 -1.15364502005209 -0.919492698386207 -1.27122633519639 -1.98076786168851 -1.48132016100424 1.94230879789102 -0.0498632610316584 -0.175235635807303
0.528889676296922 -2.98343547814964 0.0867967340267693 -0.762059661250765 -0.734561132574018 -0.236052312245009 1.56337523947645 0.0743076058394901 1.17600729381967 -0.150595660823319
1.23821900100614 -0.21874854516003 0.0627741582418005 -1.37478740064535 0.693481123736391 2.12444254259872 -3.04392379874106 1.80738588071228 2.44856093360419 -2.71628890489557
-1.00588099314772 -0.371674985117533 0.094615645820603 -0.996414030814312 -2.28317291167895 2.00240790330621 0.761242224496676 0.00652801405221527 0.420549024694221 0.766228429879444
-0.578774421585064 -0.870240268203514 -0.370163460750417 0.622501834630041 0.0442414446473341 0.868906892656701 0.323301194469124 1.79478725133267 0.53465129981967 -1.37180716266775
-0.809283549033117 0.105743091646121 -0.546347362674173 -1.16879683243968 -0.165292448694915 -0.213069745437181 0.235456984639862 0.246888731243333 -0.108565180668597 -1.23500406458493
1.46237363610358 -0.669336673608916 1.06104133671824 0.164087474324843 -0.370334471369294 -0.93527609265618 -0.794298960900147 0.397950033020858 0.186629227225673 0.468883660266355
-0.556231534813615 -0.86438264850878 0.356494359850804 -0.313003009210064 0.23190094856997 0.48932514436953 -0.629760546714127 -0.356137792591883 1.45663623070007 1.28330058270955
1.02584531301518 -0.0619114444595731 -1.2317788879489 -1.42756315930897 -0.275576065132591 -0.90365113620761 1.40655128948585 -0.103457377812095 -0.354616250240881 0.456011164072653
0.325365567804984 -1.25044494329211 0.907381089175198 0.827757294315906 -0.224444927664894 1.13350253962688 0.719311785074224 0.231232878909745 -0.143451815818963 -0.268775884940454
0.249290615629778 -0.422024629559703 0.0103337860946174 0.294970497570669 0.921890350752743 1.79164565045575 0.682764501702035 0.238930503155004 -0.205220604216364 0.463633392005849
1.78218043127267 -0.892320178678859 0.696314045358848 1.78781465959176 -0.43354419820034 0.0887788026516173 0.703842723498254 -1.19817540244452 0.545419314206012 0.639657229918016
1.38833268954229 1.56678717365499 0.909748728933248 0.846920162000859 -0.401040430490476 0.0703949406910688 0.692430604545773 0.100047967887549 0.164350054914508 -0.520122661881569
-0.241121073674937 -0.395598098656697 1.08113302303821 -0.947777853098432 -1.19336545244558 0.947591617812592 1.86135401639759 0.49902871119394 -0.433838312010738 0.350431956367554
0.689515301885786 0.748061381301813 -0.922445024163193 -0.0283898531133379 2.17968957479362 -0.824372652626228 0.836263535229498 -0.252757736848121 -1.34909459883724 0.0119823686790601
1.01460559156157 -0.486487400306463 -2.0925703215544 1.93565455019232 -0.0595694038860921 0.918197392527996 -0.026041304596199 -0.385752936629556 -0.587166073996179 -1.52482521025853
1.11925859690921 -0.686435956404098 -0.275638688446812 -0.930078100582879 0.349943096455411 -0.23641523344786 0.248929615993871 0.115034425448793 0.412149660004461 1.31073751437075
0.156394347842204 -0.0839029935822936 0.270298234658456 1.33289923718198 -0.543822620285987 -1.13464309825721 0.798582228760777 -0.217133989378447 -0.0571093542655719 0.722030668056492
0.0786846417254276 -0.859661735598752 -0.689136887346615 -0.476593526239147 1.70415516270852 1.03801783457568 0.666700103132 0.925892026615836 -1.63560226410002 -2.54106583579892
-0.400046294295414 -1.09863811061038 0.273053948654165 0.073596981277647 -1.32027612288341 1.21129362082679 -0.534090569911692 0.519858670366831 0.16800774905008 0.343379456453908
-0.0673585132104705 -1.81491275340267 0.433666748814262 -1.73689945906032 0.947516851634123 0.170388757809323 1.48988182309595 -0.732735005468527 -0.202092069546917 -0.542315245574508
1.77743028325512 0.517990857479783 -0.10196551386138 -0.508901953517485 -0.905248882890472 -1.8517666800458 -0.0558339134937956 -0.943113828922654 -0.952018774948421 -0.832305863274342
-1.42101870210979 -0.0406614105492953 -0.79706239782123 -2.17811022113841 -0.0114462891878959 -1.80403565020864 0.159016585385197 -0.219122132283427 -0.251218428350266 0.999239363022296
-1.83501654674709 0.672059239773774 1.36488681337497 0.861171378488769 -1.92555919427493 0.535386960941597 -0.473011912712344 -0.11462511061379 1.34293310215367 0.359395129797143
1.13964904789948 -0.479084055774816 2.3554885076797 1.05565745133086 -0.522962949301278 1.04519411280127 1.35073159211004 1.34048499141908 1.18360712553022 0.150095206704443
-2.02737311453379 0.0159955251639269 -0.675051247390603 0.857783858475191 0.388367085280195 0.698913620020207 1.34272530680089 -0.73556799608149 0.903426395813513 -1.28458830797969
-0.911768093903451 -0.989037175446678 -0.871779948969962 0.576676585950273 1.3130833901316 0.370348645366891 -0.219825731649146 -0.0305930520402046 0.577650530478665 0.0748186409013736
1.98161756291586 -0.277684241646064 -0.0605351488492625 1.07320168115261 -1.14508316420753 -0.585406063349457 0.170331477936733 0.823304193311352 0.88073184821395 -0.821012443844258
-1.66486758532215 -0.680607063460121 -0.464066170580871 0.753568418178856 -0.23550559687804 0.627164291500544 -1.32177093574569 -0.257025288413545 1.17697242360276 -1.47870293887619
0.51137211306526 1.00158936609499 1.10370230543169 1.07619781778641 -0.340971179716588 1.10206011138813 1.06708262818364 -0.660608686278007 -0.734361402175141 -0.558820034901855
1.03816353218232 0.669418284203135 -3.2125744103643 -0.659855256156756 -1.6438340478786 1.53077807282963 -1.82110961587961 0.925364972555358 -0.380212732355013 -0.860916010982537
-0.129306286451033 1.24121919498734 1.32378032455437 0.457368347744101 -0.624749213326507 -0.688216788494342 0.281109744864923 -0.219581475144073 0.183382987885873 -0.164193383737176
0.595255877579006 -1.08349987805417 1.58983605142441 1.51791038793922 1.70999479011573 0.0590188723058528 0.145493078749036 0.830735516526687 -1.23665986648718 -0.647073474772957
0.703857202340831 -1.17647550968993 -1.11544252449799 0.31577539245451 0.562023037518999 -1.30552335076542 -0.664458266387105 -0.667177416667715 -0.416465138791101 1.31439933455129
0.728530945592744 -0.230644830301888 0.210980532974191 -0.654993821181504 0.549640257085916 0.774079570566948 1.88776486495514 0.469791477121651 0.351841358119506 1.00677129959255
-0.200147822144655 0.185973363448081 1.1594300777254 -0.47389279244128 -0.0215930244673815 1.05437902900411 1.8239431736228 -1.34816161223684 1.12139912444696 -1.21836851359181
0.145403143257353 -0.653705547220913 -0.021488692772437 -0.7581203523062 0.665519136937754 -0.546629889665613 -0.909706654467602 -0.390756655466869 -0.374032827955052 0.358218226783532
-0.143128362868338 -1.27075586122621 0.127018572763629 0.342402695145531 -1.72429273699319 -1.58008542049207 -0.587902588866991 -0.193687317905346 -0.142575574538246 0.661581445094829
0.911801024835588 -0.875874531836639 0.999140377892175 -0.424331748461149 1.60346586701462 -0.26287587397999 -0.153932855202905 0.0983451601722876 -0.541716803517675 -1.62808896833408
-0.993256617311313 -0.19007387759678 -1.21763336698952 1.17040856747277 0.114478465542843 1.21391221457399 -1.05975159150832 -0.605522877232895 1.48356271816184 -0.910671626498146
-0.203834409947747 -1.21824621547345 0.869285008768302 0.819664768882122 -2.77307222233731 0.407396889566249 1.22890976809323 -0.0899345062859155 1.09822287249454 -0.28068028920412
-0.645255118291363 -0.317014437929115 0.39984219269576 0.108777683799131 0.574250831641068 -0.663719144739491 -2.62405734420078 -0.528124547820024 0.202515236643105 1.01477300035298
0.613806573154791 1.21145887679302 -0.0406247706969234 -0.780971770481209 -0.225870593377222 -0.362508079326655 1.50717220073155 0.142327502999776 -0.0174656878500051 1.20852093104309
0.4111819892571 -0.567756639242257 -0.630830835358909 0.4232230550534 -0.689501660517531 1.42105682420979 -1.41227319784938 -0.460983102413695 -0.0703803819195152 -2.16267573665613
0.778797507583217 1.6683845047588 -1.11462964249825 -0.299862078937362 1.42724302885283 0.578487058164702 -1.5081989291327 1.67816959109189 1.63493033218683 0.0172888553275147
0.511635456912979 -0.921391747820726 -0.51595280724129 1.95631334277165 -1.12133468433488 -0.10751029978999 -1.01478979482441 -0.15294946902001 0.981508011840579 -0.468573057247355
-1.549247749538 -1.30245939548277 0.383487626794416 -1.49828772078303 -0.199626461108549 -0.970305316887822 -0.25463926417258 0.580308935254041 -0.434580810063013 1.37549832526552
-0.362328379668403 0.713204476927928 -0.970959237637459 0.478342478208511 -2.17805787544177 -0.402277144501629 -0.831424087719924 0.677353884219299 -0.653889033085102 1.1426639021182
0.722187636665263 1.81208113796785 -1.23862118111158 0.340824269068866 -0.337034901609972 -0.251289755320246 0.326312563500547 -2.93273023575933 2.73656723959888 -1.14287523621008
-1.32411615963194 -0.606683260420596 1.65473817255752 -0.943833143188436 -1.0678460840537 -0.00622992875527025 0.247751790206286 0.866308274391597 0.0859587797970461 0.907628488674069
0.234662147740542 0.470704777282055 -0.395761413798779 1.02929517192978 0.775636086601404 0.613616541143372 0.11533357937196 -0.313516440039348 -0.736869871361211 -0.15133953905748
0.245920939436331 0.377483683116431 0.156330734742462 0.624440702269017 -0.668095723071362 -0.0747412571358792 -0.251410936163137 0.970010861208635 -1.62468252168286 -0.852854402868914
-0.872986149445436 0.221295245246426 -2.26088800285904 1.96148597980573 0.0530244647521283 1.32520915760169 -0.587762940356162 -0.555885141356632 -1.05902562636285 -1.27176287303055
0.765258743079351 0.64437527089404 -0.37126216464681 -0.903308812806163 0.205657204023021 -0.0773917191533402 1.43753729226509 -1.28164473166677 -2.16256344940155 -0.182115599755557
-0.0236091922162651 0.887696293864499 -0.48875620805463 0.15832806695258 -1.0445311368511 1.21270780786949 0.124100892864319 0.77341241118601 -0.551562494273154 -0.309721464992192
-1.66959710440694 1.2255673745951 -0.286383883806622 0.37683336644616 -0.712828782941787 -0.235042690278377 1.14301814470007 0.0134546409920393 1.27294590193361 0.147707195350413
-0.813391370701576 -0.663834781782064 1.70741652698073 -0.766393924517304 2.09624109056107 0.090998094121892 2.48309580405676 1.04792622892936 -1.32253151032199 -1.13095595617687
1.45552932991784 -0.75646737668625 1.10483280993203 0.193779676014877 0.409973120243939 0.816482401282568 -0.718444378363268 -0.100189527512814 -0.41861221425819 -0.659560178584238
-1.56206810660731 0.957072121597933 0.450445914532621 0.287413408643721 -0.108075030249008 -1.06689051744593 0.0222935953794647 -0.448023721664211 -0.35042423604509 -0.139265514013028
1.19152859664938 -0.742228598854937 -0.924591917294065 0.37011747773441 -0.468192252111666 -0.575594768821811 0.35880309269133 -2.02901423284537 -0.752375558163971 -1.14447541161054
0.187165077664116 -0.912111632564303 1.32007487546133 -0.531134906410728 -0.219093889112235 0.809192493077361 -1.17349501975233 0.0156859075066104 0.37820588097651 -0.382784859977518
-0.676101959382694 1.13312136423235 -0.415958823609571 -2.16861741329731 1.3891679058124 -0.664806766637978 -1.23816271095715 -0.0494003708464483 0.745887230030835 -0.956037739492654
0.167850930283447 0.0893379547142393 -0.0473487230653784 0.529787616656506 -1.18901057710943 -0.937611198041111 0.837129843245515 0.618048379217619 -1.27345224473725 0.980518781943244
-1.17017640345828 0.190288033120524 -0.616566533707089 -0.476268625182815 -2.12621393036908 0.57265560363574 -0.590128900072917 0.365598087424253 -0.670831774665113 -0.87226285525178
1.57913619661999 2.58853792096592 -0.381786295887939 -0.34184151328186 -0.476554713557148 -2.14283251559342 0.934369270044504 -0.124294144012988 -0.495911458332636 -0.176028795569759
0.319727015364605 -0.441100806948425 1.04441360662029 -1.23156376646386 -0.112453954217197 1.19730249323848 1.87401048556469 0.443237241520854 -0.122129014033882 -1.28730863291612
0.517615336975728 1.45380758999636 1.4713478174937 -0.0181698494614711 -0.592285018074264 1.70171738167465 0.281294923910702 0.110439028351299 -1.19754504652445 0.389212297303533
-0.111925761061307 3.29634621184141 0.636840894583944 0.143596035370923 -0.740711028070572 -2.09061664135937 0.0633228990509373 2.30378692923043 1.12836386764679 -0.747567693438518
0.0320847919351704 -0.128623778484329 0.631348504703095 -0.271034499121294 0.819309005048104 0.395493661084641 -0.00527772266954647 0.0770273184861825 -0.0130678169803384 0.717462814674318
-1.72759565787231 1.77675523149983 0.353167372547812 -0.561388743294117 0.118553248814128 -1.14770337500397 -0.355819547971783 -0.262700769527182 1.1352795768287 -0.331800182376659
0.336836200632256 0.656500302618068 0.482145799522342 0.458499167939764 0.500840060911197 0.609314309311 0.438793671182335 1.14747876765704 -0.0477631713529859 -2.09623612495643
-2.80435714669131 1.08682614276463 -0.1692699961016 1.35574831836577 -0.359442393804698 -1.19844028374362 -0.837190928117494 -0.801176265461913 -0.988965782311639 -0.979813104452067
1.00642496134218 -0.669392243799891 -1.33876233216201 -1.05329911537185 0.779901964849721 -0.306788856009918 1.27608847453279 1.42703821209937 1.90517122373691 0.935768156479893
-0.922210122221594 0.179876220431788 0.719226561965383 1.72228247245623 0.420159051959931 0.176293821956375 0.305631921689411 0.186993472708178 -0.943338443550367 0.0138009034195806
1.39017582829658 0.22863580897113 0.169694597579128 -0.696949375785589 0.987860516013427 1.95392190999965 1.15553971655745 -0.321803104239073 0.482593382037408 -0.693317989926148
0.162296628304839 0.186771631910998 0.7261646071522 -1.90510765796372 0.114448383344222 -0.575511624019318 1.71682127584955 0.52594016723055 0.855122363619517 -0.971053992017965
-1.59372296198691 1.52654830876247 0.823565298073033 -0.520649294127638 0.873942439671705 0.303378424142491 -0.608057809220019 -0.276520014681763 1.00694788299374 -1.07660396932624
-0.747461939939063 -0.279072072602604 -1.27374111693094 -0.742267797239235 0.0459042750513736 -1.69155711220969 0.328309134337568 1.29848217615318 0.58417020550673 1.83915540108179
-0.1980622489218 0.317241893976358 0.295757496594038 -1.4525927415284 1.53357883247373 1.53058931204125 0.254811541748488 -0.571426409110856 -0.152045639488694 -0.287331659803921
0.309963487877983 0.479406529953943 0.062154773707342 1.22245601306901 0.910029683233989 -0.46469991939477 -0.328440353100892 -1.88440738116569 -1.07987302018971 -2.74253963196713
-1.35209360504081 -0.0535317570310924 0.397992911175028 -0.121207738206483 0.256191015065096 -0.529453379946948 -2.51207940681077 0.274277374889351 -1.32867231631443 -0.362869915226645
1.59908329898926 0.498072543165755 -1.17936723224052 -1.7745308800677 -1.80631391982695 -0.488733114298184 -0.722984567700306 0.701106245377591 0.621204105604923 -1.41743030154664
-0.425999440201661 1.6186211069112 1.52152484984621 -1.85986072955819 -0.197985615649466 0.156791744138341 -0.218392743599263 0.846590873810079 0.641171987314443 -1.82547249107151
1.89555263445818 -0.401308964057259 1.1694817382324 2.17375165938835 -0.551021746555721 1.0526204170004 1.14877694971619 -1.45141937086953 -0.170501779435242 -0.358767152998987
-0.456936672612143 -0.274993449637352 1.57298838923878 0.152251647471981 -0.448759737714261 -0.794120958634469 0.175732304043432 -0.364110022868921 -0.725204729561023 -0.489322800245508
1.32543888598538 -0.216211121048662 1.55589715426188 0.702113270492525 -2.23539015164433 -0.261650627755101 0.196577208889198 0.365117198616208 1.77755098430532 1.29629964245679
1.1741171401462 0.971236181352897 0.298260166655838 -0.891993115742916 0.294425473663922 -0.146007298189077 -2.17290212023957 1.81471081682013 0.319692941821249 -0.480391583339746
0.623028594579989 -0.480196716864686 -0.924904196965104 -2.02993496495529 0.172080185911174 -1.03273742692429 0.34464394029262 0.627653223201451 0.5884787984458 -0.337626899261887
2.63526688658432 0.00839190442604566 0.000588205836831785 -0.051824290382233 0.407583896320154 0.694736914501624 0.728407934100394 -0.968218077098895 -0.84203938889902 -1.15340237247425
0.970767439064823 1.00636494621066 0.164456156403377 -0.707804452168161 1.02651027645539 2.51487442915397 0.299353481884921 0.301094524402546 0.897737729827251 -1.08920739447759
0.330242717980648 -1.74167943045776 0.231594205132062 -0.125846580190821 0.390968055613452 0.510456800873033 0.541587836250343 -0.545342287762633 0.179076645524796 -0.211259431905132
0.159015827265134 -0.376456827808782 0.379906004197473 -0.577662032931094 0.0758870749845147 -0.551303246696258 -0.107268609348798 -0.65135761202323 0.944724540950079 -1.18967947018417
-0.415514053535142 -2.15749607309901 0.218696260508729 0.720960700900857 -0.887985978710067 0.691464851684805 -1.16969472058452 0.536186393789218 0.184205531152198 -1.62355132563333
1.40901823785033 -0.181681080635412 -0.325548242427066 1.14768602479777 0.704559937042708 -1.82814535888679 -1.22284262156568 -0.895849028603807 -1.41172132618613 -0.176431992162665
