-18.8583852350065
-10.0841356749876
1.86377559872964
-14.2647707534038
5.62436399299441
6.85321854893721
0.39966734018911
11.6631283021966
41.846052816469
-3.432750850731
9.29378558492766
-0.924971035961013
13.8813862561977
8.61465245137934
-11.5459796134059
12.96833748779
5.09404492105544
15.1172035789212
7.59034584411859
-2.68341579203847
-7.20594882428929
11.1189041030744
3.58574708342771
-3.4633370241961
11.0247916458739
9.24276774175242
7.45448546103679
3.97578301968139
-16.4771885411423
4.47137144844309
18.0875163442843
0.0057997471010176
5.35672637362331
13.9109322579284
13.8841658779898
8.43286303941571
3.0197256753721
0.638342854720546
16.9984993137432
1.14308797182474
-0.432797866458554
10.4645185574737
7.91515372236144
-0.671813668175396
21.1145654263487
14.2432057834558
7.41407573944024
9.83725119076107
-11.5845331186827
23.8004074473826
8.92760694054442
16.3699389202179
-10.7349734096262
-11.8269041136862
8.40326653141624
-2.54262559903996
1.81438361145991
2.29033748709759
0.24933394766385
-6.41226591548834
-1.56701818318357
-13.8879140510736
2.32002454111351
25.1787027657642
-8.06425253462874
11.3160630792513
20.5280932568583
2.42477230754381
-10.5190924416961
-1.55737215466133
-11.5255501519266
10.4464743997398
3.65629822909159
-9.71610321842144
5.37487363230291
-6.07225465744708
14.1388939312247
-8.36138281949737
-4.0597308759296
-0.471794556982209
14.524895655134
-0.603057716229563
7.05496393409462
-20.04256323607
9.12950364424175
18.7148969197932
9.23746893930052
9.78265037345951
8.6771095865311
19.4165312690341
4.50715005998543
10.242820704771
13.844451119612
0.20683546692841
20.3314131195384
18.9091692553694
14.9734462018428
15.0376923286594
22.5640297807833
7.82469381212231
